CLASSIFICATION REPORT
============================================================
              precision    recall  f1-score   support

     Avocado      0.895     0.895     0.895        19
      Banana      0.600     0.750     0.667         4
    Broccoli      0.933     0.875     0.903        16
      Burger      0.667     0.333     0.444         6
     Chicken      0.550     0.579     0.564        19
         Egg      0.640     0.842     0.727        19
        Milk      1.000     1.000     1.000        18
       Pasta      0.000     0.000     0.000         4
        Rice      0.000     0.000     0.000         4
       Salad      0.000     0.000     0.000         2
      Salmon      0.542     0.684     0.605        19

    accuracy                          0.723       130
   macro avg      0.530     0.542     0.528       130
weighted avg      0.686     0.723     0.699       130


CONFUSION MATRIX
============================================================
Classes: ['Avocado', 'Banana', 'Broccoli', 'Burger', 'Chicken', 'Egg', 'Milk', 'Pasta', 'Rice', 'Salad', 'Salmon']
[[17  0  0  0  1  1  0  0  0  0  0]
 [ 0  3  0  0  0  1  0  0  0  0  0]
 [ 1  1 14  0  0  0  0  0  0  0  0]
 [ 0  0  0  2  1  1  0  0  0  0  2]
 [ 1  0  0  1 11  3  0  0  0  0  3]
 [ 0  0  0  0  1 16  0  0  0  0  2]
 [ 0  0  0  0  0  0 18  0  0  0  0]
 [ 0  1  0  0  1  0  0  0  0  0  2]
 [ 0  0  0  0  2  0  0  1  0  0  1]
 [ 0  0  0  0  1  0  0  0  0  0  1]
 [ 0  0  1  0  2  3  0  0  0  0 13]]
